15573.5	115
15573.5	130
15573.5	128
15573.6	134
15573.6	94
15573.6	121
15573.6	127
15573.6	116
15573.6	105
15573.6	129
15573.7	100
15573.7	105
15573.7	102
15573.7	140
15573.7	114
15573.7	112
15573.7	102
15573.8	119
15573.8	112
15573.8	141
15573.8	108
15573.8	95
15573.8	97
15573.8	88
15573.9	122
15573.9	126
15573.9	107
15573.9	90
15573.9	114
15573.9	121
15573.9	127
15574	117
15574	99
15574	95
15574	92
15574	111
15574	140
15574	125
15574.1	113
15574.1	118
15574.1	119
15574.1	132
15574.1	120
15574.1	176
15574.1	147
15574.2	123
15574.2	118
15574.2	136
15574.2	112
15574.2	131
15574.2	107
15574.2	89
15574.3	102
15574.3	112
15574.3	109
15574.3	119
15574.3	122
15574.3	111
15574.3	116
15574.4	90
15574.4	97
15574.4	117
15574.4	125
15574.4	106
15574.4	85
15574.4	108
15574.5	112
15574.5	112
15574.5	125
15574.5	108
15574.5	100
15574.5	98
15574.5	104
15574.6	118
15574.6	130
15574.6	108
15574.6	107
15574.6	114
15574.6	125
15574.6	121
15574.7	120
15574.7	107
15574.7	113
15574.7	122
15574.7	128
15574.7	120
15574.8	123
15574.8	134
15574.8	129
15574.8	126
15574.8	102
15574.8	135
15574.8	95
15574.9	92
15574.9	103
15574.9	129
15574.9	119
15574.9	83
15574.9	106
15574.9	127
15575	122
15575	133
15575	109
15575	109
15575	111
15575	129
15575	116
15575.1	130
15575.1	118
15575.1	113
15575.1	118
15575.1	110
15575.1	103
15575.1	93
15575.2	98
15575.2	113
15575.2	131
15575.2	89
15575.2	128
15575.2	123
15575.2	140
15575.3	135
15575.3	118
15575.3	116
15575.3	109
15575.3	100
15575.3	125
15575.3	143
15575.4	158
15575.4	130
15575.4	116
15575.4	114
15575.4	119
15575.4	119
15575.4	97
15575.5	96
15575.5	119
15575.5	113
15575.5	113
15575.5	116
15575.5	138
15575.5	111
15575.5	122
15575.6	112
15575.6	106
15575.6	135
15575.6	141
15575.6	117
15575.6	110
15575.6	145
15575.7	113
15575.7	120
15575.7	116
15575.7	135
15575.7	122
15575.7	116
15575.7	132
15575.8	116
15575.8	119
15575.8	119
15575.8	134
15575.8	120
15575.8	128
15575.8	121
15575.9	137
15575.9	129
15575.9	134
15575.9	150
15575.9	134
15575.9	104
15575.9	110
15576	143
15576	147
15576	153
15576	126
15576	121
15576	117
15576	127
15576.1	108
15576.1	101
15576.1	132
15576.1	128
15576.1	129
15576.1	128
15576.1	96
15576.2	120
15576.2	138
15576.2	134
15576.2	136
15576.2	116
15576.2	116
15576.2	149
15576.3	155
15576.3	142
15576.3	128
15576.3	112
15576.3	126
15576.3	149
15576.3	139
15576.4	130
15576.4	146
15576.4	119
15576.4	124
15576.4	127
15576.4	95
15576.4	123
15576.5	99
15576.5	126
15576.5	121
15576.5	117
15576.5	123
15576.5	129
15576.5	133
15576.6	126
15576.6	136
15576.6	145
15576.6	138
15576.6	116
15576.6	115
15576.6	130
15576.7	140
15576.7	119
15576.7	132
15576.7	111
15576.7	113
15576.7	126
15576.7	119
15576.8	140
15576.8	111
15576.8	130
15576.8	113
15576.8	145
15576.8	134
15576.8	115
15576.9	127
15576.9	130
15576.9	126
15576.9	103
15576.9	135
15576.9	143
15576.9	133
15576.9	119
15577	111
15577	123
15577	125
15577	112
15577	117
15577	125
15577	127
15577.1	138
15577.1	114
15577.1	102
15577.1	134
15577.1	149
15577.1	143
15577.1	109
15577.2	121
15577.2	147
15577.2	110
15577.2	115
15577.2	154
15577.2	142
15577.2	157
15577.3	103
15577.3	135
15577.3	137
15577.3	129
15577.3	124
15577.3	113
15577.3	127
15577.4	132
15577.4	152
15577.4	112
15577.4	130
15577.4	143
15577.4	116
15577.4	134
15577.5	120
15577.5	119
15577.5	131
15577.5	132
15577.5	133
15577.5	110
15577.5	127
15577.6	129
15577.6	126
15577.6	134
15577.6	123
15577.6	121
15577.6	132
15577.6	127
15577.6	137
15577.7	135
15577.7	126
15577.7	112
15577.7	129
15577.7	136
15577.7	135
15577.7	147
15577.8	140
15577.8	104
15577.8	126
15577.8	131
15577.8	113
15577.8	130
15577.8	116
15577.9	139
15577.9	119
15577.9	134
15577.9	133
15577.9	132
15577.9	105
15577.9	139
15578	127
15578	124
15578	106
15578	122
15578	125
15578	121
15578	104
15578.1	129
15578.1	131
15578.1	120
15578.1	130
15578.1	112
15578.1	134
15578.1	95
15578.1	144
15578.2	125
15578.2	110
15578.2	133
15578.2	129
15578.2	152
15578.2	92
15578.2	145
15578.3	128
15578.3	131
15578.3	134
15578.3	138
15578.3	130
15578.3	140
15578.3	121
15578.4	119
15578.4	129
15578.4	95
15578.4	116
15578.4	132
15578.4	133
15578.4	110
15578.5	135
15578.5	116
15578.5	134
15578.5	122
15578.5	123
15578.5	113
15578.5	114
15578.6	147
15578.6	131
15578.6	149
15578.6	128
15578.6	129
15578.6	119
15578.6	117
15578.6	132
15578.7	118
15578.7	150
15578.7	125
15578.7	124
15578.7	134
15578.7	137
15578.7	133
15578.8	144
15578.8	130
15578.8	115
15578.8	122
15578.8	124
15578.8	156
15578.8	123
15578.9	115
15578.9	129
15578.9	136
15578.9	104
15578.9	117
15578.9	125
15578.9	134
15579	130
15579	122
15579	132
15579	130
15579	149
15579	131
15579	131
15579	118
15579.1	113
15579.1	116
15579.1	133
15579.1	137
15579.1	117
15579.1	120
15579.1	154
15579.2	128
15579.2	170
15579.2	148
15579.2	148
15579.2	123
15579.2	146
15579.2	137
15579.3	124
15579.3	116
15579.3	133
15579.3	127
15579.3	148
15579.3	128
15579.3	146
15579.3	120
15579.4	121
15579.4	120
15579.4	128
15579.4	131
15579.4	142
15579.4	126
15579.4	128
15579.5	130
15579.5	133
15579.5	137
15579.5	131
15579.5	110
15579.5	125
15579.5	154
15579.6	128
15579.6	117
15579.6	135
15579.6	132
15579.6	131
15579.6	134
15579.6	126
15579.7	135
15579.7	126
15579.7	137
15579.7	163
15579.7	101
15579.7	125
15579.7	113
15579.7	172
15579.8	131
15579.8	144
15579.8	122
15579.8	146
15579.8	96
15579.8	123
15579.8	122
15579.9	149
15579.9	95
15579.9	126
15579.9	135
15579.9	121
15579.9	134
15579.9	141
15580	131
15580	131
15580	128
15580	127
15580	132
15580	127
15580	149
15580	138
15580.1	165
15580.1	146
15580.1	153
15580.1	126
15580.1	115
15580.1	130
15580.1	143
15580.2	154
15580.2	119
15580.2	135
15580.2	121
15580.2	125
15580.2	135
15580.2	165
15580.3	129
15580.3	122
15580.3	170
15580.3	147
15580.3	116
15580.3	140
15580.3	133
15580.3	189
15580.4	141
15580.4	152
15580.4	148
15580.4	164
15580.4	110
15580.4	160
15580.4	102
15580.5	146
15580.5	134
15580.5	127
15580.5	136
15580.5	137
15580.5	111
15580.5	119
15580.5	143
15580.6	142
15580.6	160
15580.6	149
15580.6	145
15580.6	137
15580.6	145
15580.6	146
15580.7	158
15580.7	154
15580.7	162
15580.7	122
15580.7	133
15580.7	147
15580.7	129
15580.8	135
15580.8	133
15580.8	126
15580.8	141
15580.8	136
15580.8	147
15580.8	144
15580.8	133
15580.9	126
15580.9	140
15580.9	133
15580.9	156
15580.9	126
15580.9	147
15580.9	164
15581	168
15581	144
15581	143
15581	139
15581	152
15581	158
15581	144
15581	137
15581.1	125
15581.1	116
15581.1	153
15581.1	158
15581.1	146
15581.1	138
15581.1	162
15581.2	122
15581.2	131
15581.2	143
15581.2	165
15581.2	121
15581.2	149
15581.2	159
15581.3	153
15581.3	128
15581.3	172
15581.3	156
15581.3	151
15581.3	154
15581.3	120
15581.3	134
15581.4	152
15581.4	131
15581.4	139
15581.4	140
15581.4	109
15581.4	132
15581.4	147
15581.5	123
15581.5	162
15581.5	154
15581.5	152
15581.5	117
15581.5	149
15581.5	141
15581.5	163
15581.6	150
15581.6	132
15581.6	126
15581.6	132
15581.6	169
15581.6	159
15581.6	154
15581.7	137
15581.7	148
15581.7	154
15581.7	159
15581.7	145
15581.7	124
15581.7	144
15581.7	149
15581.8	149
15581.8	146
15581.8	128
15581.8	136
15581.8	116
15581.8	166
15581.8	177
15581.9	140
15581.9	158
15581.9	130
15581.9	165
15581.9	158
15581.9	150
15581.9	149
15581.9	135
15582	172
15582	159
15582	129
15582	170
15582	177
15582	148
15582	143
15582.1	154
15582.1	145
15582.1	154
15582.1	162
15582.1	149
15582.1	141
15582.1	122
15582.1	151
15582.2	151
15582.2	164
15582.2	130
15582.2	143
15582.2	143
15582.2	167
15582.2	130
15582.3	145
15582.3	137
15582.3	129
15582.3	141
15582.3	157
15582.3	162
15582.3	142
15582.3	140
15582.4	134
15582.4	138
15582.4	151
15582.4	159
15582.4	144
15582.4	163
15582.4	149
15582.5	133
15582.5	117
15582.5	158
15582.5	135
15582.5	148
15582.5	146
15582.5	142
15582.5	153
15582.6	161
15582.6	144
15582.6	135
15582.6	119
15582.6	136
15582.6	148
15582.6	122
15582.7	151
15582.7	171
15582.7	136
15582.7	142
15582.7	141
15582.7	139
15582.7	173
15582.7	138
15582.8	113
15582.8	132
15582.8	161
15582.8	138
15582.8	127
15582.8	150
15582.8	134
15582.9	132
15582.9	145
15582.9	157
15582.9	149
15582.9	139
15582.9	152
15582.9	146
15582.9	144
15583	136
15583	133
15583	142
15583	125
15583	152
15583	148
15583	140
15583	113
15583.1	142
15583.1	132
15583.1	136
15583.1	152
15583.1	160
15583.1	123
15583.1	140
15583.2	144
15583.2	140
15583.2	126
15583.2	149
15583.2	154
15583.2	140
15583.2	152
15583.2	159
15583.3	172
15583.3	145
15583.3	126
15583.3	146
15583.3	165
15583.3	158
15583.3	162
15583.4	165
15583.4	159
15583.4	182
15583.4	145
15583.4	131
15583.4	148
15583.4	155
15583.4	151
15583.5	164
15583.5	133
15583.5	154
15583.5	137
15583.5	141
15583.5	170
15583.5	146
15583.5	147
15583.6	146
15583.6	146
15583.6	133
15583.6	131
15583.6	127
15583.6	155
15583.6	155
15583.7	166
15583.7	175
15583.7	155
15583.7	147
15583.7	129
15583.7	157
15583.7	155
15583.7	159
15583.8	141
15583.8	126
15583.8	134
15583.8	143
15583.8	155
15583.8	140
15583.8	125
15583.9	143
15583.9	135
15583.9	153
15583.9	138
15583.9	142
15583.9	141
15583.9	147
15583.9	146
15584	147
15584	131
15584	138
15584	109
15584	125
15584	139
15584	153
15584	159
15584.1	158
15584.1	158
15584.1	145
15584.1	138
15584.1	157
15584.1	153
15584.1	155
15584.2	140
15584.2	147
15584.2	134
15584.2	174
15584.2	139
15584.2	138
15584.2	155
15584.2	165
15584.3	135
15584.3	123
15584.3	145
15584.3	121
15584.3	142
15584.3	155
15584.3	137
15584.3	134
15584.4	140
15584.4	149
15584.4	151
15584.4	156
15584.4	155
15584.4	162
15584.4	166
15584.5	133
15584.5	134
15584.5	121
15584.5	127
15584.5	131
15584.5	146
15584.5	165
15584.5	130
15584.6	135
15584.6	167
15584.6	165
15584.6	158
15584.6	133
15584.6	115
15584.6	155
15584.6	144
15584.7	135
15584.7	142
15584.7	139
15584.7	141
15584.7	142
15584.7	141
15584.7	149
15584.8	147
15584.8	164
15584.8	133
15584.8	146
15584.8	124
15584.8	169
15584.8	146
15584.8	138
15584.9	157
15584.9	148
15584.9	170
15584.9	145
15584.9	133
15584.9	134
15584.9	158
15584.9	159
15585	130
15585	140
15585	141
15585	147
15585	129
15585	147
15585	138
15585	130
15585.1	143
15585.1	122
15585.1	171
15585.1	143
15585.1	127
15585.1	149
15585.1	171
15585.2	137
15585.2	131
15585.2	135
15585.2	142
15585.2	151
15585.2	132
15585.2	161
15585.2	123
15585.3	149
15585.3	157
15585.3	162
15585.3	138
15585.3	145
15585.3	134
15585.3	152
15585.3	135
15585.4	135
15585.4	142
15585.4	139
15585.4	154
15585.4	137
15585.4	155
15585.4	121
15585.4	133
15585.5	139
15585.5	148
15585.5	135
15585.5	152
15585.5	128
15585.5	139
15585.5	146
15585.5	143
15585.6	130
15585.6	160
15585.6	147
15585.6	147
15585.6	125
15585.6	153
15585.6	146
15585.7	133
15585.7	139
15585.7	134
15585.7	136
15585.7	135
15585.7	156
15585.7	139
15585.7	163
15585.8	118
15585.8	149
15585.8	132
15585.8	143
15585.8	151
15585.8	145
15585.8	148
15585.8	150
15585.9	137
15585.9	143
15585.9	138
15585.9	138
15585.9	149
15585.9	154
15585.9	135
15585.9	129
15586	171
15586	154
15586	139
15586	145
15586	152
15586	147
15586	169
15586	165
15586.1	144
15586.1	126
15586.1	137
15586.1	154
15586.1	140
15586.1	130
15586.1	139
15586.2	156
15586.2	139
15586.2	144
15586.2	145
15586.2	143
15586.2	158
15586.2	139
15586.2	118
15586.3	130
15586.3	137
15586.3	157
15586.3	141
15586.3	127
15586.3	131
15586.3	162
15586.3	140
15586.4	160
15586.4	155
15586.4	125
15586.4	121
15586.4	144
15586.4	166
15586.4	143
15586.4	118
15586.5	152
15586.5	146
15586.5	155
15586.5	149
15586.5	129
15586.5	122
15586.5	139
15586.5	141
15586.6	136
15586.6	124
15586.6	125
15586.6	125
15586.6	156
15586.6	136
15586.6	156
15586.6	170
15586.7	118
15586.7	146
15586.7	160
15586.7	144
15586.7	133
15586.7	125
15586.7	149
15586.7	130
15586.8	134
15586.8	130
15586.8	140
15586.8	142
15586.8	145
15586.8	151
15586.8	153
15586.8	144
15586.9	147
15586.9	142
15586.9	151
15586.9	134
15586.9	174
15586.9	169
15586.9	145
15587	141
15587	153
15587	145
15587	144
15587	150
15587	146
15587	160
15587	160
15587.1	184
15587.1	149
15587.1	115
15587.1	140
15587.1	152
15587.1	148
15587.1	130
15587.1	143
15587.2	140
15587.2	160
15587.2	162
15587.2	131
15587.2	149
15587.2	140
15587.2	152
15587.2	139
15587.3	143
15587.3	142
15587.3	160
15587.3	152
15587.3	131
15587.3	161
15587.3	157
15587.3	146
15587.4	132
