15573.5	30
15573.5	17
15573.5	34
15573.6	22
15573.6	-4
15573.6	39
15573.6	18
15573.6	25
15573.6	9
15573.6	20
15573.7	23
15573.7	15
15573.7	34
15573.7	24
15573.7	8
15573.7	9
15573.7	31
15573.8	31
15573.8	22
15573.8	18
15573.8	22
15573.8	53
15573.8	25
15573.8	23
15573.9	37
15573.9	39
15573.9	30
15573.9	22
15573.9	27
15573.9	38
15573.9	1
15574	21
15574	9
15574	17
15574	17
15574	24
15574	28
15574	36
15574.1	24
15574.1	24
15574.1	32
15574.1	22
15574.1	26
15574.1	28
15574.1	24
15574.2	38
15574.2	15
15574.2	9
15574.2	26
15574.2	24
15574.2	31
15574.2	23
15574.3	4
15574.3	9
15574.3	40
15574.3	39
15574.3	23
15574.3	10
15574.3	14
15574.4	34
15574.4	35
15574.4	31
15574.4	27
15574.4	5
15574.4	1
15574.4	15
15574.5	25
15574.5	3
15574.5	16
15574.5	38
15574.5	47
15574.5	36
15574.5	41
15574.6	10
15574.6	23
15574.6	25
15574.6	32
15574.6	32
15574.6	13
15574.6	25
15574.7	34
15574.7	26
15574.7	34
15574.7	22
15574.7	22
15574.7	37
15574.8	25
15574.8	19
15574.8	27
15574.8	25
15574.8	24
15574.8	28
15574.8	19
15574.9	35
15574.9	28
15574.9	14
15574.9	28
15574.9	-5
15574.9	21
15574.9	20
15575	35
15575	34
15575	41
15575	40
15575	32
15575	19
15575	31
15575.1	32
15575.1	8
15575.1	42
15575.1	29
15575.1	27
15575.1	20
15575.1	40
15575.2	45
15575.2	32
15575.2	27
15575.2	38
15575.2	44
15575.2	8
15575.2	36
15575.3	27
15575.3	39
15575.3	32
15575.3	30
15575.3	28
15575.3	9
15575.3	41
15575.4	32
15575.4	19
15575.4	28
15575.4	34
15575.4	34
15575.4	60
15575.4	33
15575.5	30
15575.5	29
15575.5	51
15575.5	52
15575.5	28
15575.5	31
15575.5	20
15575.5	33
15575.6	40
15575.6	48
15575.6	27
15575.6	30
15575.6	36
15575.6	14
15575.6	28
15575.7	31
15575.7	37
15575.7	58
15575.7	37
15575.7	46
15575.7	39
15575.7	24
15575.8	35
15575.8	30
15575.8	33
15575.8	45
15575.8	42
15575.8	31
15575.8	43
15575.9	26
15575.9	24
15575.9	47
15575.9	33
15575.9	21
15575.9	43
15575.9	38
15576	29
15576	32
15576	40
15576	37
15576	65
15576	40
15576	38
15576.1	26
15576.1	30
15576.1	50
15576.1	58
15576.1	41
15576.1	23
15576.1	37
15576.2	41
15576.2	39
15576.2	60
15576.2	35
15576.2	32
15576.2	18
15576.2	31
15576.3	48
15576.3	35
15576.3	32
15576.3	29
15576.3	31
15576.3	38
15576.3	47
15576.4	44
15576.4	32
15576.4	25
15576.4	39
15576.4	47
15576.4	32
15576.4	50
15576.5	40
15576.5	51
15576.5	27
15576.5	34
15576.5	49
15576.5	48
15576.5	29
15576.6	35
15576.6	39
15576.6	42
15576.6	40
15576.6	30
15576.6	27
15576.6	49
15576.7	29
15576.7	24
15576.7	25
15576.7	17
15576.7	40
15576.7	32
15576.7	34
15576.8	34
15576.8	56
15576.8	44
15576.8	42
15576.8	13
15576.8	33
15576.8	40
15576.9	32
15576.9	37
15576.9	28
15576.9	24
15576.9	36
15576.9	26
15576.9	30
15576.9	50
15577	44
15577	28
15577	47
15577	15
15577	43
15577	34
15577	48
15577.1	45
15577.1	27
15577.1	33
15577.1	43
15577.1	26
15577.1	26
15577.1	49
15577.2	42
15577.2	35
15577.2	47
15577.2	47
15577.2	42
15577.2	29
15577.2	21
15577.3	53
15577.3	49
15577.3	37
15577.3	42
15577.3	40
15577.3	40
15577.3	30
15577.4	36
15577.4	33
15577.4	14
15577.4	58
15577.4	37
15577.4	34
15577.4	40
15577.5	57
15577.5	39
15577.5	42
15577.5	41
15577.5	74
15577.5	38
15577.5	21
15577.6	53
15577.6	36
15577.6	35
15577.6	47
15577.6	28
15577.6	38
15577.6	38
15577.6	43
15577.7	51
15577.7	30
15577.7	31
15577.7	29
15577.7	39
15577.7	47
15577.7	41
15577.8	35
15577.8	46
15577.8	49
15577.8	39
15577.8	54
15577.8	43
15577.8	23
15577.9	44
15577.9	65
15577.9	33
15577.9	65
15577.9	35
15577.9	50
15577.9	34
15578	40
15578	38
15578	43
15578	43
15578	45
15578	42
15578	39
15578.1	31
15578.1	35
15578.1	58
15578.1	43
15578.1	51
15578.1	39
15578.1	37
15578.1	39
15578.2	37
15578.2	49
15578.2	53
15578.2	34
15578.2	49
15578.2	32
15578.2	40
15578.3	48
15578.3	47
15578.3	46
15578.3	44
15578.3	28
15578.3	46
15578.3	47
15578.4	29
15578.4	38
15578.4	50
15578.4	43
15578.4	55
15578.4	38
15578.4	41
15578.5	31
15578.5	41
15578.5	39
15578.5	41
15578.5	16
15578.5	67
15578.5	42
15578.6	37
15578.6	42
15578.6	40
15578.6	41
15578.6	39
15578.6	44
15578.6	43
15578.6	48
15578.7	42
15578.7	19
15578.7	46
15578.7	45
15578.7	38
15578.7	39
15578.7	29
15578.8	39
15578.8	64
15578.8	33
15578.8	65
15578.8	34
15578.8	15
15578.8	48
15578.9	38
15578.9	38
15578.9	45
15578.9	55
15578.9	58
15578.9	51
15578.9	49
15579	32
15579	49
15579	31
15579	37
15579	40
15579	42
15579	42
15579	39
15579.1	46
15579.1	44
15579.1	59
15579.1	41
15579.1	29
15579.1	37
15579.1	34
15579.2	35
15579.2	30
15579.2	46
15579.2	38
15579.2	43
15579.2	45
15579.2	53
15579.3	45
15579.3	53
15579.3	21
15579.3	50
15579.3	38
15579.3	42
15579.3	32
15579.3	44
15579.4	39
15579.4	41
15579.4	47
15579.4	52
15579.4	50
15579.4	25
15579.4	44
15579.5	45
15579.5	32
15579.5	47
15579.5	34
15579.5	42
15579.5	48
15579.5	40
15579.6	49
15579.6	59
15579.6	35
15579.6	44
15579.6	48
15579.6	44
15579.6	37
15579.7	37
15579.7	46
15579.7	34
15579.7	36
15579.7	60
15579.7	36
15579.7	9
15579.7	51
15579.8	40
15579.8	46
15579.8	32
15579.8	44
15579.8	37
15579.8	52
15579.8	41
15579.9	36
15579.9	36
15579.9	36
15579.9	34
15579.9	40
15579.9	60
15579.9	26
15580	38
15580	45
15580	44
15580	50
15580	37
15580	45
15580	54
15580	48
15580.1	51
15580.1	56
15580.1	28
15580.1	27
15580.1	44
15580.1	59
15580.1	50
15580.2	42
15580.2	31
15580.2	54
15580.2	25
15580.2	59
15580.2	51
15580.2	35
15580.3	29
15580.3	46
15580.3	45
15580.3	59
15580.3	23
15580.3	42
15580.3	55
15580.3	50
15580.4	37
15580.4	49
15580.4	47
15580.4	31
15580.4	51
15580.4	48
15580.4	50
15580.5	45
15580.5	27
15580.5	35
15580.5	44
15580.5	43
15580.5	58
15580.5	41
15580.5	21
15580.6	38
15580.6	53
15580.6	41
15580.6	34
15580.6	52
15580.6	43
15580.6	34
15580.7	48
15580.7	29
15580.7	30
15580.7	29
15580.7	41
15580.7	48
15580.7	38
15580.8	37
15580.8	44
15580.8	42
15580.8	34
15580.8	47
15580.8	42
15580.8	34
15580.8	37
15580.9	43
15580.9	27
15580.9	27
15580.9	43
15580.9	54
15580.9	53
15580.9	43
15581	55
15581	45
15581	51
15581	38
15581	55
15581	41
15581	48
15581	27
15581.1	39
15581.1	35
15581.1	64
15581.1	48
15581.1	39
15581.1	43
15581.1	33
15581.2	46
15581.2	30
15581.2	53
15581.2	35
15581.2	46
15581.2	29
15581.2	51
15581.3	50
15581.3	43
15581.3	47
15581.3	50
15581.3	53
15581.3	61
15581.3	49
15581.3	47
15581.4	13
15581.4	40
15581.4	64
15581.4	48
15581.4	35
15581.4	60
15581.4	22
15581.5	30
15581.5	42
15581.5	51
15581.5	46
15581.5	3
15581.5	35
15581.5	31
15581.5	35
15581.6	41
15581.6	31
15581.6	39
15581.6	45
15581.6	37
15581.6	44
15581.6	33
15581.7	43
15581.7	38
15581.7	48
15581.7	42
15581.7	48
15581.7	31
15581.7	49
15581.7	26
15581.8	29
15581.8	58
15581.8	55
15581.8	34
15581.8	39
15581.8	54
15581.8	43
15581.9	41
15581.9	23
15581.9	39
15581.9	63
15581.9	37
15581.9	56
15581.9	35
15581.9	25
15582	41
15582	38
15582	34
15582	33
15582	36
15582	40
15582	53
15582.1	49
15582.1	44
15582.1	42
15582.1	32
15582.1	42
15582.1	50
15582.1	22
15582.1	29
15582.2	30
15582.2	39
15582.2	45
15582.2	49
15582.2	44
15582.2	39
15582.2	27
15582.3	46
15582.3	54
15582.3	64
15582.3	31
15582.3	29
15582.3	29
15582.3	39
15582.3	34
15582.4	15
15582.4	36
15582.4	38
15582.4	41
15582.4	51
15582.4	41
15582.4	48
15582.5	39
15582.5	42
15582.5	43
15582.5	52
15582.5	48
15582.5	49
15582.5	25
15582.5	33
15582.6	46
15582.6	40
15582.6	38
15582.6	28
15582.6	54
15582.6	55
15582.6	40
15582.7	41
15582.7	36
15582.7	27
15582.7	41
15582.7	44
15582.7	40
15582.7	38
15582.7	31
15582.8	32
15582.8	44
15582.8	44
15582.8	33
15582.8	41
15582.8	54
15582.8	42
15582.9	36
15582.9	22
15582.9	32
15582.9	29
15582.9	41
15582.9	42
15582.9	39
15582.9	32
15583	28
15583	24
15583	39
15583	39
15583	48
15583	44
15583	20
15583	35
15583.1	25
15583.1	24
15583.1	34
15583.1	42
15583.1	45
15583.1	52
15583.1	46
15583.2	43
15583.2	45
15583.2	30
15583.2	40
15583.2	33
15583.2	29
15583.2	46
15583.2	41
15583.3	36
15583.3	28
15583.3	52
15583.3	51
15583.3	32
15583.3	20
15583.3	36
15583.4	34
15583.4	31
15583.4	38
15583.4	36
15583.4	22
15583.4	41
15583.4	59
15583.4	49
15583.5	42
15583.5	23
15583.5	56
15583.5	35
15583.5	32
15583.5	45
15583.5	55
15583.5	42
15583.6	45
15583.6	62
15583.6	52
15583.6	35
15583.6	35
15583.6	52
15583.6	57
15583.7	40
15583.7	53
15583.7	49
15583.7	30
15583.7	36
15583.7	28
15583.7	44
15583.7	36
15583.8	23
15583.8	58
15583.8	46
15583.8	44
15583.8	38
15583.8	23
15583.8	41
15583.9	35
15583.9	42
15583.9	49
15583.9	33
15583.9	42
15583.9	47
15583.9	45
15583.9	24
15584	30
15584	27
15584	33
15584	42
15584	54
15584	29
15584	35
15584	36
15584.1	49
15584.1	25
15584.1	56
15584.1	39
15584.1	22
15584.1	34
15584.1	50
15584.2	46
15584.2	51
15584.2	49
15584.2	47
15584.2	53
15584.2	51
15584.2	49
15584.2	26
15584.3	17
15584.3	22
15584.3	55
15584.3	34
15584.3	35
15584.3	38
15584.3	37
15584.3	27
15584.4	49
15584.4	39
15584.4	45
15584.4	28
15584.4	41
15584.4	46
15584.4	51
15584.5	46
15584.5	56
15584.5	26
15584.5	37
15584.5	37
15584.5	41
15584.5	36
15584.5	29
15584.6	24
15584.6	42
15584.6	32
15584.6	14
15584.6	34
15584.6	32
15584.6	43
15584.6	36
15584.7	41
15584.7	37
15584.7	34
15584.7	33
15584.7	56
15584.7	56
15584.7	36
15584.8	45
15584.8	26
15584.8	36
15584.8	42
15584.8	40
15584.8	30
15584.8	35
15584.8	26
15584.9	53
15584.9	34
15584.9	33
15584.9	39
15584.9	23
15584.9	30
15584.9	33
15584.9	38
15585	45
15585	29
15585	39
15585	38
15585	29
15585	34
15585	42
15585	29
15585.1	31
15585.1	36
15585.1	29
15585.1	45
15585.1	30
15585.1	37
15585.1	32
15585.2	42
15585.2	32
15585.2	29
15585.2	22
15585.2	32
15585.2	45
15585.2	42
15585.2	48
15585.3	31
15585.3	50
15585.3	52
15585.3	43
15585.3	34
15585.3	31
15585.3	35
15585.3	46
15585.4	37
15585.4	35
15585.4	29
15585.4	29
15585.4	47
15585.4	34
15585.4	55
15585.4	26
15585.5	38
15585.5	23
15585.5	43
15585.5	43
15585.5	47
15585.5	39
15585.5	25
15585.5	43
15585.6	23
15585.6	39
15585.6	35
15585.6	28
15585.6	35
15585.6	35
15585.6	29
15585.7	23
15585.7	36
15585.7	27
15585.7	47
15585.7	32
15585.7	49
15585.7	34
15585.7	15
15585.8	35
15585.8	46
15585.8	46
15585.8	39
15585.8	27
15585.8	45
15585.8	39
15585.8	31
15585.9	61
15585.9	19
15585.9	12
15585.9	35
15585.9	31
15585.9	34
15585.9	35
15585.9	32
15586	37
15586	47
15586	39
15586	45
15586	18
15586	28
15586	25
15586	51
15586.1	38
15586.1	23
15586.1	34
15586.1	44
15586.1	23
15586.1	55
15586.1	39
15586.2	35
15586.2	32
15586.2	33
15586.2	51
15586.2	45
15586.2	31
15586.2	44
15586.2	32
15586.3	51
15586.3	36
15586.3	39
15586.3	22
15586.3	20
15586.3	31
15586.3	46
15586.3	29
15586.4	21
15586.4	50
15586.4	29
15586.4	39
15586.4	46
15586.4	28
15586.4	39
15586.4	28
15586.5	41
15586.5	39
15586.5	22
15586.5	29
15586.5	32
15586.5	30
15586.5	43
15586.5	43
15586.6	40
15586.6	34
15586.6	11
15586.6	31
15586.6	55
15586.6	30
15586.6	37
15586.6	39
15586.7	27
15586.7	21
15586.7	39
15586.7	34
15586.7	43
15586.7	29
15586.7	46
15586.7	39
15586.8	33
15586.8	47
15586.8	28
15586.8	23
15586.8	33
15586.8	40
15586.8	33
15586.8	30
15586.9	31
15586.9	24
15586.9	18
15586.9	50
15586.9	37
15586.9	35
15586.9	26
15587	27
15587	31
15587	30
15587	37
15587	53
15587	23
15587	47
15587	23
15587.1	34
15587.1	20
15587.1	33
15587.1	41
15587.1	27
15587.1	41
15587.1	40
15587.1	20
15587.2	46
15587.2	39
15587.2	46
15587.2	46
15587.2	30
15587.2	51
15587.2	29
15587.2	23
15587.3	11
15587.3	37
15587.3	25
15587.3	34
15587.3	21
15587.3	41
15587.3	34
15587.3	28
15587.4	41
