45.6541	1216
47.4971	1374
49.3419	1255
51.1863	1324
53.0304	1566
54.8741	1622
56.7174	1845
58.5582	2147
60.4008	2596
62.2431	3411
64.085	4019
65.9265	3342
67.7655	3407
69.6063	3770
71.4468	4231
73.2868	4177
75.1244	4579
76.9638	4419
78.8028	4651
80.6414	4279
82.4775	3946
84.3155	4155
86.153	4673
87.9881	4641
89.8249	4141
91.6613	4195
93.4974	4451
95.3311	4950
97.1664	4630
99.0015	4606
100.834	4313
102.668	4625
104.502	4487
106.334	4441
108.167	4835
109.998	5358
111.83	5186
113.662	4749
115.492	4570
117.323	4611
119.154	4713
120.983	4531
122.813	4114
124.641	3867
126.471	3917
128.298	3512
130.127	3441
131.955	3417
133.782	3497
135.609	3608
137.435	3406
139.262	3542
141.087	3792
142.913	3864
144.737	3754
146.563	3803
148.386	3825
150.211	3902
152.033	3824
153.858	3689
155.679	3631
157.503	3674
159.324	3687
161.147	3538
162.967	3574
164.787	3565
166.609	3549
168.428	3429
170.249	3421
172.068	3491
173.888	3450
175.706	3470
177.524	3508
179.343	3556
181.16	3555
182.976	3561
184.794	3535
186.61	3608
188.428	3722
190.243	3759
192.057	3636
193.874	3595
195.688	3566
197.501	3485
199.317	3561
201.13	3446
202.942	3419
204.754	3477
206.568	3396
208.38	3308
210.191	3275
212.004	3349
213.814	3376
215.624	3364
217.434	3320
219.246	3277
221.055	3326
222.863	3390
224.672	3432
226.48	3388
228.289	3528
230.097	3623
231.903	3743
233.71	3858
235.516	3946
237.324	3942
239.13	3841
240.935	3707
242.74	3653
244.544	3579
246.348	3529
248.154	3476
249.957	3549
251.76	3498
253.563	3559
255.365	3464
257.167	3430
258.969	3498
260.77	3545
262.571	3509
264.372	3658
266.174	3605
267.974	3597
269.774	3584
271.573	3644
273.372	3633
275.17	3678
276.968	3538
278.766	3556
280.564	3614
282.361	3584
284.157	3669
285.954	3601
287.75	3666
289.546	3577
291.341	3644
293.136	3728
294.931	3690
296.725	3651
298.519	3726
300.312	3722
302.106	3692
303.897	3779
305.689	3595
307.481	3711
309.273	3693
311.065	3706
312.856	3651
314.647	3829
316.437	3713
318.227	3734
320.017	3755
321.804	3881
323.594	3858
325.382	3860
327.171	3953
328.959	4019
330.746	4174
332.532	4245
334.319	4404
336.105	4548
337.892	4865
339.678	4947
341.461	4920
343.247	4882
345.032	4842
346.816	4616
348.6	4409
350.382	4258
352.166	4039
353.949	3867
355.73	3852
357.512	3786
359.294	3701
361.076	3631
362.856	3635
364.637	3620
366.418	3491
368.196	3542
369.976	3601
371.756	3531
373.533	3472
375.312	3489
377.091	3579
378.867	3532
380.646	3463
382.423	3564
384.199	3506
385.976	3479
387.752	3408
389.526	3511
391.302	3408
393.076	3417
394.851	3397
396.624	3366
398.399	3425
400.173	3352
401.945	3366
403.719	3370
405.49	3411
407.263	3358
409.033	3386
410.805	3315
412.575	3349
414.347	3383
416.116	3335
417.887	3359
419.655	3433
421.426	3476
423.193	3361
424.963	3335
426.73	3403
428.499	3414
430.265	3448
432.033	3442
433.799	3389
435.564	3509
437.332	3403
439.096	3478
440.863	3547
442.627	3584
444.39	3624
446.156	3663
447.919	4279
449.684	4163
451.446	3668
453.208	3678
454.972	3707
456.733	3653
458.494	3757
460.257	3772
462.017	3717
463.777	3757
465.539	3676
467.298	3700
469.057	3744
470.818	3778
472.576	3740
474.334	3834
476.091	3778
477.851	3788
479.608	3873
481.364	3824
483.121	3933
484.879	3971
486.634	3896
488.389	3980
490.144	3996
491.899	4054
493.655	3983
495.409	4090
497.163	4020
498.916	4100
500.669	4171
502.423	4099
504.176	4103
505.927	4166
507.679	4142
509.43	4057
511.181	4059
512.932	4013
514.682	3927
516.434	4027
518.183	3864
519.932	4045
521.681	4158
523.43	4189
525.178	4023
526.926	3982
528.673	3928
530.421	3965
532.167	3848
533.914	3933
535.66	3941
537.406	3984
539.152	3858
540.897	3932
542.642	3976
544.386	3946
546.13	3962
547.874	3889
549.618	3962
551.361	3948
553.104	3917
554.846	4043
556.588	4038
558.33	4085
560.072	4050
561.813	3982
563.554	4145
565.294	4087
567.035	4158
568.772	4145
570.512	4241
572.251	4230
573.99	4267
575.729	4207
577.467	4436
579.205	4350
580.94	4339
582.677	4391
584.414	4341
586.151	4466
587.887	4287
589.623	4377
591.356	4475
593.092	4446
594.826	4425
596.561	4403
598.295	4486
600.027	4307
601.761	4283
603.494	4158
605.227	4123
606.957	3903
608.69	3925
610.422	4083
612.151	3961
613.882	3973
615.613	3881
617.344	3846
619.072	3843
620.802	3888
622.532	3780
624.259	3858
625.988	3799
627.716	3751
629.443	3798
631.171	3766
632.896	3787
634.624	3743
636.351	3715
638.075	3737
639.802	3651
641.526	3623
643.251	3475
644.977	3507.5
646.7	3540
648.424	3539
650.147	3505
651.871	3519
653.592	3529
655.316	3480
657.037	3469
658.759	3518
660.482	3429
662.202	3474
663.924	3416
665.643	3532
667.362	3415
669.083	3510
670.801	3479
672.521	3506
674.239	3526
675.958	3545
677.676	3567
679.394	3523
681.111	3541
682.827	3571
684.545	3512
686.26	3587
687.977	3517
689.692	3556
691.407	3569
693.123	3558
694.837	3569
696.552	3548
698.266	3574
699.978	3492
701.693	3549
703.405	3498
705.117	3646
706.831	3573
708.542	3588
710.253	3578
711.964	3547
713.676	3529
715.386	3554
717.096	3546
718.807	3587
720.516	3615
722.224	3556
723.933	3493
725.643	3529
727.351	3499
729.058	3577
730.765	3508
732.472	3522
734.18	3554
735.886	3447
737.592	3574
739.297	3586
741.003	3559
742.707	3521
744.414	3567
746.118	3641
747.822	3567
749.525	3537
751.229	3574
752.931	3627
754.634	3498
756.338	3537
758.04	3582
759.742	3541
761.443	3521
763.144	3533
764.845	3552
766.545	3523
768.245	3502
769.944	3502
771.644	3556
773.343	3572
775.042	3523
776.74	3599
778.438	3583
780.136	3500
781.833	3594
783.53	3633
785.227	3593
786.923	3573
788.62	3624
790.315	3579
792.011	3704
793.706	3632
795.401	3658
797.095	3664
798.79	3603
800.484	3592
802.175	3634
803.868	3565
805.561	3660
807.254	3625
808.946	3672
810.638	3721
812.33	3666
814.021	3668
815.71	3752
817.401	3664
819.091	3730
820.782	3721
822.471	3722
824.159	3676
825.848	3698
827.537	3697
829.225	3702
830.913	3587
832.599	3798
834.287	3707
835.974	3632
837.661	3685
839.346	3649
841.032	3617
842.718	3559
844.401	3644
846.087	3630
847.772	3570
849.457	3532
851.139	3551
852.823	3566
854.507	3617
856.188	3613
857.871	3618
859.554	3625
861.235	3561
862.917	3556
864.597	3604
866.278	3549
867.959	3550
869.638	3612
871.319	3746
872.997	4420
874.677	3532
876.357	3581
878.034	3514
879.713	3501
881.39	3642
883.068	3564
884.744	3622
886.422	3587
888.098	3570
889.775	3631
891.45	3574
893.126	3749
894.8	3711
896.476	3611
898.15	3667
899.825	3625
901.498	3618
903.173	3595
904.845	3613
906.517	3683
908.191	3576
909.862	3561
911.535	3619
913.206	3556
914.876	3633
916.549	3630
918.218	3616
919.89	3633
921.559	3564
923.228	3598
924.898	3605
926.567	3594
928.235	3630
929.904	3588
931.572	3591
933.239	3638
934.907	3541
936.574	3613
938.24	3562
939.906	3527
941.573	3635
943.238	3622
944.903	3552
946.568	3655
948.234	3611
949.898	3479
951.561	3611
953.225	3630
954.89	3631
956.552	3571
958.215	3717
959.877	3593
961.539	3655
963.202	3681
964.863	3663
966.524	3670
968.185	3618
969.845	3623
971.505	3642
973.164	3701
974.823	3691
976.484	3601
978.143	3701
979.801	3619
981.459	3604
983.117	3647
984.775	3662
986.432	3664
988.089	3627
989.745	3682
991.401	3683
993.057	3631
994.713	3696
996.368	3617
998.023	3611
999.678	3615
1001.33	3669
1002.99	3594
1004.64	3644
1006.29	3615
1007.95	3615
1009.6	3608
1011.25	3683
1012.9	3584
1014.56	3663
1016.21	3711
1017.86	3602
1019.51	3681
1021.16	3594
1022.81	3687
1024.46	3603
1026.11	3607
1027.76	3624
1029.41	3663
1031.06	3641
1032.7	3649
1034.35	3619
1036	3588
1037.65	3635
1039.29	3582
1040.94	3644
1042.58	3573
1044.23	3718
1045.88	3587
1047.52	3555
1049.17	3612
1050.81	3624
1052.46	3675
1054.1	3561
1055.74	3625
1057.39	3698
1059.03	3598
1060.67	3633
1062.32	3570
1063.96	3576
1065.6	3587
1067.24	3613
1068.88	3614
1070.52	3699
1072.16	3602
1073.8	3605
1075.44	3630
1077.08	3619
1078.72	3621
1080.36	3635
1082	3624
1083.64	3677
1085.28	3593
1086.91	3652
1088.55	3747
1090.19	3626
1091.83	3786
1093.46	3702
1095.1	3788
1096.73	3695
1098.37	3695
1100	3757
1101.64	3729
1103.27	3768
1104.91	3697
1106.54	3751
1108.18	3688
1109.81	3668
1111.44	3694
1113.07	3622
1114.71	3707
1116.34	3762
1117.97	3728
1119.6	3763
1121.23	3745
1122.86	3715
1124.49	3801
1126.12	3748
1127.75	3777
1129.38	3686
1131.01	3693
1132.64	3766
1134.27	3710
1135.9	3754
1137.52	3749
1139.15	3712
1140.78	3835
1142.41	3689
1144.03	3775
1145.66	3682
1147.29	3766
1148.91	3765
1150.54	3792
1152.16	3747
1153.79	3733
1155.41	3747
1157.03	3728
1158.66	3688
1160.28	3709
1161.9	3726
1163.53	3721
1165.15	3700
1166.77	3650
1168.39	3696
1170.02	3755
1171.64	3736
1173.26	3688
1174.88	3697
1176.5	3746
1178.12	3663
1179.74	3724
1181.36	3722
1182.98	3768
1184.59	3809
1186.21	3745
1187.83	3770
1189.45	3655
1191.07	3656
1192.68	3668
1194.3	3706
1195.92	3813
1197.53	3753
1199.15	3726
1200.76	3734
1202.38	3667
1203.99	3690
1205.61	3748
1207.22	3761
1208.84	3739
1210.45	3693
1212.06	3809
1213.68	3808
1215.29	3830
1216.9	3819
1218.52	3804
1220.13	3826
1221.74	3820
1223.35	3777
1224.96	3793
1226.57	3770
1228.18	3837
1229.79	3742
1231.4	3790
1233.01	3794
1234.62	3735
1236.23	3828
1237.84	3869
1239.44	3839
1241.05	3849
1242.66	3849
1244.27	3790
1245.88	3902
1247.48	3871
1249.09	3924
1250.69	3940
1252.3	4037
1253.9	4031
1255.51	4071
1257.11	3952
1258.72	3986
1260.32	3904
1261.93	3857
1263.53	3823
1265.13	3800
1266.74	3739
1268.34	3820
1269.94	3710
1271.54	3773
1273.14	3736
1274.74	3651
1276.35	3702
1277.95	3635
1279.55	3682
1281.15	3644
1282.75	3653
1284.35	3645
1285.94	3673
1287.54	3581
1289.14	3636
1290.74	3672
1292.34	3678
1293.94	3670
1295.53	3636
1297.13	3534
1298.73	3610
1300.32	3631
1301.92	3609
1303.52	3656
1305.11	3629
1306.71	3617
1308.3	3623
1309.9	3614
1311.49	3596
1313.08	3688
1314.68	3538
1316.27	3609
1317.86	3645
1319.46	3676
1321.05	3710
1322.64	3599
1324.23	3606
1325.82	3610
1327.42	3556
1329.01	3637
1330.6	3543
1332.19	3579
1333.78	3627
1335.37	3616
1336.96	3596
1338.55	3657
1340.13	3581
1341.72	3619
1343.31	3592
1344.9	3604
1346.49	3578
1348.07	3524
1349.66	3663
1351.25	3678
1352.83	3686
1354.42	3641
1356.01	3660
1357.59	3621
1359.18	3613
1360.76	3659
1362.35	3644
1363.93	3692
1365.51	3646
1367.1	3576
1368.68	3713
1370.26	3648
1371.84	3612
1373.43	3693
1375.01	3606
1376.59	3620
1378.17	3698
1379.75	3622
1381.34	3662
1382.92	3631
1384.5	3716
1386.08	3707
1387.66	3653
1389.23	3617
1390.81	3693
1392.39	3632
1393.97	3643
1395.55	3652
1397.13	3786
1398.7	3646
1400.28	3622
1401.86	3635
1403.43	3626
1405.01	3681
1406.59	3651
1408.16	3703
1409.74	3701
1411.31	3679
1412.89	3660
1414.46	3675
1416.04	3605
1417.61	3678
1419.18	3713
1420.76	3662
1422.33	3641
1423.9	3662
1425.48	3657
1427.05	3542
1428.62	3669
1430.19	3674
1431.76	3625
1433.33	3666
1434.9	3729
1436.47	3686
1438.04	3583
1439.61	3596
1441.18	3651
1442.75	3650
1444.32	3547
1445.89	3619
1447.46	3636
1449.03	3629
1450.59	3613
1452.16	3653
1453.73	3657
1455.29	3620
1456.86	3624
1458.43	3608
1459.99	3664
1461.56	3660
1463.12	3608
1464.69	3712
1466.25	3668
1467.82	3632
1469.38	3636
1470.94	3648
1472.51	3678
1474.07	3578
1475.63	3610
1477.2	3614
1478.76	3728
1480.32	3699
1481.88	3697
1483.44	3641
1485	3757
1486.57	3626
1488.13	3691
1489.69	3670
1491.25	3726
1492.81	3650
1494.36	3607
1495.92	3695
1497.48	3683
1499.04	3587
1500.6	3583
1502.16	3679
1503.71	3691
1505.27	3707
1506.83	3669
1508.39	3629
1509.94	3581
1511.5	3635
1513.05	3585
1514.61	3654
1516.16	3636
1517.72	3662
1519.27	3625
1520.83	3608
1522.38	3605
1523.93	3680
1525.49	3663
1527.04	3658
1528.59	3698
1530.15	3598
1531.7	3610
1533.25	3623
1534.8	3711
1536.35	3679
1537.9	3615
1539.45	3775
1541	3601
1542.55	3737
1544.1	3721
1545.65	3581
1547.2	3635
1548.75	3576
1550.3	3640
1551.85	3644
1553.4	3704
1554.94	3695
1556.49	3788
1558.04	3714
1559.59	3780
1561.13	3640
1562.68	3589
1564.23	3686
1565.77	3607
1567.32	3642
1568.86	3606
1570.41	3678
1571.95	3651
1573.49	3611
1575.04	3573
1576.58	3585
1578.13	3681
1579.67	3695
1581.21	3605
1582.75	3662
1584.3	3698
1585.84	3644
1587.38	3607
1588.92	3672
1590.46	3595
1592	3697
1593.54	3668
1595.08	3711
1596.62	3660
1598.16	3625
1599.7	3628
1601.24	3704
1602.78	3691
1604.32	3598
1605.86	3642
1607.39	3626
1608.93	3724
1610.47	3613
1612.01	3613
1613.54	3713
1615.08	3567
1616.61	3672
1618.15	3666
1619.69	3678
1621.22	3674
1622.75	3689
1624.29	3624
1625.82	3593
1627.36	3707
1628.89	3615
1630.43	3690
1631.96	3574
1633.49	3644
1635.02	3571
1636.56	3653
1638.09	3669
1639.62	3549
1641.15	3610
1642.68	3649
1644.21	3652
1645.74	3688
1647.27	3662
1648.8	3649
1650.33	3674
1651.86	3688
1653.39	3606
1654.92	3693
1656.45	3636
1657.98	3649
1659.5	3732
1661.03	3577
1662.56	3688
1664.09	3648
1665.61	3618
1667.14	3596
1668.67	3702
1670.19	3656
1671.72	3626
1673.24	3557
1674.77	3708
1676.29	3731
1677.82	3618
1679.34	3549
1680.86	3560
1682.39	3590
1683.91	3633
1685.44	3629
1686.96	3624
1688.48	3636
1690	3619
1691.52	3632
1693.05	3702
1694.57	3626
1696.09	3642
1697.61	3583
1699.13	3644
1700.65	3607
1702.17	3633
1703.69	3601
1705.21	3637
1706.73	3616
1708.25	3683
1709.76	3614
1711.28	3644
1712.8	3594
1714.32	3720
1715.84	3571
1717.35	3735
1718.87	3670
1720.39	3645
1721.9	3698
1723.42	3621
1724.93	3711
1726.45	3669
1727.96	3610
1729.48	3697
1730.99	3626
1732.51	3649
1734.02	3686
1735.54	3721
1737.05	3714
1738.56	3709
1740.07	3670
1741.59	3705
1743.1	3804
1744.61	3915
1746.12	3886
1747.63	3617
1749.14	3764
1750.66	3746
1752.17	3733
1753.68	3761
